41994
48632
51953
49847
47207
35730
29956
25663
23031
16533
23497
19010
13868
18047
13638
23286
19163
14642
14238
63020
59191
46705
49068
47043
54285
38669
34215
30158
26032
21219
17415
12433
27755
22529
17533
12692
17424
12454
12734
155417
171873
146564
143847
140111
124764
115802
111598
126374
125995
123219
117444
107907
100263
103752
99771
93214
88812
84851
81690
67447
66798
61043
57951
51544
48028
47049
41265
38590
33044
28546
24708
19094
13435
24936
18807
14089
25137
19157
14001
14295
64680
59842
56160
51652
46921
42645
37752
32704
29068
23329
18845
14137
13946
509626
485134
486545
467238
440217
224761
209994
208711
205509
204238
209188
204676
220837
215652
211000
221523
377489
220769
220483
220205
215825
217473
221263
230996
225042
230210
226226
236721
236205
232929
231543
237410
230099
232534
264711
234995
231202
233585
233081
228811
231794
228826
226614
232388
231106
227817
232389
227687
225243
256437
351687
452728
246211
373876
238340
253891
233736
234149
238654
250111
243032
237186
232675
281140
272327
280506
265212
246165
275643
395688
454426
523354
410378
382877
287544
399483
299328
317283
318063
244327
310156
340648
304516
325395
346337
316731
324467
297749
334812
273604
318081
298407
327525
266221
356934
321100
424802
250978
322557
323821
249083
357771
256134
376476
275134
364775
315301
358476
306503
327291
323987
311261
339911
285219
338720
266703
361457
239278
264933
340865
310865
317742
312797
324188
298544
334540
281252
301330
318858
309050
348001
311144
309857
321968
299593
312382
300190
257715
349370
271803
320333
296020
306215
387563
304448
331991
297966
320897
305222
342188
307716
333373
341554
355620
320395
328246
314378
320357
278328
306675
330907
312179
322991
316965
333641
337915
334030
304136
330913
308826
319198
306897
321972
313525
316750
318995
345163
235847
274570
370429
269188
345749
290048
337968
299852
333175
292534
333389
304580
365665
258795
359581
274120
373201
256711
347760
279927
241691
362877
369297
278531
279634
272802
265213
266681
285138
254016
353263
300493
338423
249780
254593
334633
355413
279233
263620
319588
262982
262289
305175
270379
244324
284930
257033
267183
259713
299710
258443
257881
261006
271518
239326
258109
272638
241666
259466
263241
254182
297614
380550
242235
275193
249778
253174
255102
261262
237607
249363
273508
235827
267975
266230
314089
265968
245056
253338
276216
258298
244111
272316
257937
248018
273668
246804
257831
342855
247381
284471
272311
250312
281509
272465
253567
262393
267779
280155
237987
285336
303769
251732
256419
290370
472287
485228
241218
235026
240031
270882
239465
239961
256251
238163
238380
232798
234247
237586
232655
230740
235872
228610
232115
234679
231196
230324
252936
243486
464492
296399
239535
240770
241540
238292
239531
243175
242550
235907
241408
237345
238291
330383
291001
240537
240132
237464
239609
240149
235906
234933
237893
236478
234520
236117
232472
232818
242522
251848
231661
237087
233247
234298
233880
229961
230404
236658
236923
231494
233821
230971
227461
247776
236926
233604
227442
228400
239282
229830
226712
228492
229697
225369
226492
228578
227610
226167
285361
228864
240561
313870
222974
250233
260953
256459
238277
260194
234584
238598
276927
251989
244299
294253
237758
242761
332200
310666
344732
513690
494846
490380
516208
500987
487734
514545
505246
470388
516377
457818
510673
437867
500377
511862
510769
499757
507687
510599
496407
480383
509612
500283
500748
501772
468993
487772
495608
468508
487756
486562
507458
480369
456302
448439
512121
513560
491775
513677
524652
457704
517940
510597
488707
514706
509059
507635
454368
507326
477127
506871
514306
508375
509418
512219
504549
491071
483385
498229
448542
503857
467609
495420
489998
471829
495884
505554
504796
492987
485986
497495
482912
485100
491461
488691
471612
488538
479684
505327
513403
509935
494919
518408
485901
481161
493577
510664
505118
502815
452483
511314
489733
489507
512208
496827
484660
556028
494129
482354
505498
493272
498162
468310
467868
491932
485527
497132
483118
496794
420152
500686
424310
465511
488601
402901
483308
468714
489488
488807
475238
505826
403198
478536
458010
432258
366822
390315
428677
463649
457295
467783
444677
216750
219210
239822
212764
212828
225874
249160
206414
207790
226360
204346
208528
206482
201377
239972
205004
201991
237638
289611
240763
239631
218047
236849
218390
242132
239209
212627
224028
213671
234509
259479
240898
428267
419405
447443
456051
220164
233228
234497
217450
211760
224935
211211
246647
267956
210445
218865
232329
208876
204587
215288
236362
225791
202874
205343
270269
255685
211236
235692
205222
267752
207370
224975
203275
199607
200103
209736
223094
219876
209177
215566
195105
215952
232086
284773
198174
222903
196609
220239
230342
192649
193960
211379
190835
209560
201653
241076
193662
191823
214228
247343
204674
198387
220331
184841
185017
207146
195457
186935
352693
360750
372351
309853
298755
359925
314699
374655
318467
377496
282916
304525
199121
177483
177290
198873
233477
180978
265627
188488
175028
175607
173204
172084
189716
194283
182524
200305
188816
182684
175323
170509
175172
208439
176677
167933
174771
165267
166311
168705
196054
164536
167096
164979
166045
165793
186297
202753
163751
160105
160907
192967
212696
181042
164727
189026
160493
162248
157517
180226
173222
152718
161021
181683
155151
153961
155693
153989
193054
154781
170201
197084
187321
149935
180252
152763
150521
147611
205058
191835
151108
147981
147955
146346
146644
147700
145166
149602
146355
143729
155711
190487
139668
139663
139158
138970
140857
138523
137802
139464
138113
136630
137978
133835
135499
136860
133980
134765
135622
135201
157956
222968
134350
185197
144124
146216
126371
122935
120500
122166
123355
121042
120678
122079
120110
117157
119593
117662
117966
118945
118836
116680
117644
116686
117433
143466
115719
114513
155394
114359
113702
113476
113174
111743
113179
112172
111696
111045
109742
110948
111290
109578
107677
108943
108495
108210
109271
108341
106726
108067
107284
105324
107250
105595
108491
185809
106071
105403
105755
103256
102737
101738
101651
100520
102623
101880
100534
102798
101515
100730
99694
97537
97463
99456
96390
98199
98234
97561
98008
98875
97642
94011
91774
92204
134144
94735
91714
90990
92570
92024
91705
90675
90862
86930
88299
86178
87078
87860
86844
87080
87601
85458
85634
85976
82376
82510
100144
83720
82363
83233
82488
81050
81259
80217
80149
78561
78311
125119
80253
78111
84958
72354
72680
71913
72534
71033
68653
69420
69120
69072
70204
67315
67680
68550
67636
67467
68798
64634
64938
65574
64504
63106
63246
63271
62898
63497
63701
63286
60996
60482
60776
59854
59437
59227
59643
59726
59116
102167
60722
56505
57356
55301
54846
55817
59150
54537
55335
55185
54871
55325
52086
50422
50868
50890
50108
50836
50098
50517
50848
50527
50148
38712
38537
37930
38307
38513
38387
37879
38132
38102
38142
33995
33869
34138
34230
33851
34130
34021
33752
33934
33752
21326
25779
34619
42765
40093
24721
21607
21922
38966
24239
26124
25753
25698
25866
25548
25646
25718
25633
25760
25721
21399
21448
21571
21649
21556
21646
21576
21428
21567
22254
21924
21699
21780
21817
21922
21505
24796
21499
21546
21579
50273
50445
50149
50023
50212
49542
50578
50157
49885
49873
46801
46350
46319
46168
46771
46463
46348
46285
46716
46393
42150
42181
42382
42363
42642
42572
42652
42423
55091
42761
38219
37992
37889
37816
38282
37879
37751
37625
37840
37806
36062
33624
33584
33907
33361
33709
33526
33572
33584
33721
32323
26440
26201
26152
26294
26071
38866
28332
26077
26164
24584
22014
21724
21865
22002
21801
21982
21723
21757
21847
20048
22005
22170
22030
21976
22083
21802
21966
22044
21841
20245
65022
64369
64251
64801
64379
64702
72330
106274
65471
63339
60895
60495
60846
61006
60956
60900
61229
80833
61775
59415
56067
55510
55738
55661
55874
56412
55849
97546
112287
110679
100991
101858
54491
74509
61196
52239
51472
51262
51429
50149
55115
47526
47575
47838
47796
47661
54070
87661
50918
46162
40451
40514
40586
40321
40677
40619
40474
40417
40263
40808
38868
36455
36505
37587
36608
36458
36220
36607
36630
34716
34849
31187
30995
31408
34260
31586
31517
31256
31392
29550
29610
26618
26678
26758
27014
26269
26324
26344
26425
24979
24844
26370
22633
22484
22275
22175
22445
22125
22201
39589
47209
70833
70688
58675
33852
71196
35650
32491
51477
32126
31381
27039
26816
26818
26958
26716
26721
26913
26713
25087
25317
22122
29651
41219
24480
22435
22657
22398
22388
20834
21870
22741
22668
22385
22561
22544
22506
24118
22609
20674
20868
53988
53634
53920
53401
53572
52982
53474
53356
58743
53096
49715
50176
49803
49969
49766
49650
49958
49617
48394
48555
48402
41867
79202
42952
39500
39985
39154
39156
37671
37545
37343
34857
35117
34987
50951
36022
35521
35127
33313
33400
33347
22514
22639
22689
23070
22779
22538
22451
20962
20841
20902
42636
43141
42982
42930
42810
42669
43012
41103
41109
41058
39136
38515
39101
39154
38845
39158
39369
37300
37124
63631
38833
34909
34623
34361
34531
34465
34636
33095
55751
36630
27212
27083
27272
27322
26871
26773
26971
25365
25436
25606
22639
22719
22834
22830
22812
24508
22671
21111
21240
21045
22686
22917
22837
26142
22939
22669
22727
21811
20849
21132
43503
43058
43322
43420
43624
43027
43250
41416
41609
41477
41188
38016
37823
37829
37443
45418
38655
36095
36495
36126
36218
27424
27064
27279
27405
27110
27137
25718
25601
25443
25488
23129
40354
27230
23050
22945
23248
21158
21131
21176
21256
36345
36558
36313
36445
36403
36344
35001
44375
35158
34769
32399
32251
31927
32210
32354
31935
30614
30391
30545
30742
28004
28172
32191
28192
28457
28214
26828
26652
26701
26442
23240
23246
23074
23180
23259
23252
21428
21392
21258
21246
70363
69604
69422
69696
69973
69493
68190
68560
67590
68209
105024
66849
65759
65930
65966
66137
64268
64113
64208
64251
58846
56320
56633
56470
56288
79887
56094
66346
65880
55730
55120
52850
52461
52560
52689
52489
51098
51101
51153
51013
51043
39890
40235
48989
42750
40302
38262
38390
38409
38337
38319
27793
27673
27469
27988
27523
25869
26392
39798
27255
26308
23614
23711
23444
23816
37545
27149
41284
39427
42037
40277
44854
46192
43303
47027
27921
43823
44719
25869
21703
21669
42918
42262
45864
42417
80677
78631
78573
45241
40389
40274
38149
69392
41276
37876
38009
36355
36142
36074
36406
36193
32657
32449
32517
32446
32459
30832
31291
59305
35227
31150
28392
27966
27568
53055
31615
50592
49064
53269
51980
51542
47734
28442
23879
23573
23681
21973
21930
21936
22102
21890
21821
33579
32296
32098
32599
30644
30808
37992
33989
31191
30948
28510
28512
28407
28366
26799
26824
26709
26827
27132
26755
31664
23929
42178
47240
46293
39846
31725
22076
22367
21855
28461
28364
28169
28266
48440
53872
58372
41436
27266
26926
23822
23938
24117
23934
22295
22120
21867
22076
22123
22018
23629
23950
24085
23593
22290
21853
21857
26573
22015
21960
59750
58815
59166
58725
57723
57404
57530
57316
57563
57736
55117
55135
55187
55494
53949
53654
53924
53905
53792
54128
50161
50625
50535
50231
48886
48722
48999
88172
49786
48817
46337
46265
46147
46338
44812
44449
44449
44343
44453
56007
45365
38983
39026
39058
37454
37455
37515
37608
37322
37853
54997
36054
34641
34704
34393
32860
32925
33232
32885
32934
33065
30820
30371
30872
28966
30013
29080
28991
28986
29072
29048
24300
24261
24145
22238
22251
23846
22088
22354
22273
22413
44844
44886
44433
43177
111215
44052
43218
42667
42872
64514
69824
74922
82401
63366
67706
60515
42516
42276
39142
38893
33562
33875
33934
31722
31860
31825
32073
50745
32584
32115
28895
28547
28266
26894
27049
27039
26899
29958
27156
27617
24330
24153
24470
22792
22855
22395
22358
22238
22486
22286
28851
28820
28816
45514
31907
27194
26924
27121
26931
47345
30582
24410
24505
22629
22611
25400
28332
40467
42619
44435
43721
70292
55682
40075
39487
39688
39498
39236
39575
39377
39508
28772
28968
26901
27167
45824
28509
29056
30664
27202
27317
24822
24528
22807
22514
22446
22909
22568
22636
22814
22514
105935
78081
72000
72336
75551
72562
71907
95552
150572
146659
73597
69140
67340
67200
134112
89673
70232
67047
66350
66854
64626
64539
63228
63059
63194
63007
72354
62825
63636
83913
60964
60693
58663
58653
58943
58873
58541
58769
89967
113750
96974
97408
93424
114480
53493
70119
51424
49297
48751
48562
46463
46859
44834
44932
65842
46640
45034
48628
48006
47864
47597
43980
42119
42295
42234
42089
42326
42363
42324
52892
45352
39558
37768
37827
37801
37910
38186
37594
38016
37841
37628
26135
24243
24404
24034
24144
24224
24177
24601
24133
25641
44871
43323
43249
43178
43222
79120
46661
42765
43134
43635
71562
46388
71189
72394
77658
69486
74220
64478
40251
39432
36084
34221
33983
34021
34325
34144
34157
34181
58195
38765
31417
39603
36157
32483
32839
29650
29422
29247
29507
29215
26580
24436
24602
24471
24533
24484
24382
24507
24592
24527
26356
30056
27684
43494
28618
24576
24508
30191
24552
24517
670951
494448
423886
434882
410272
431944
424248
464950
505845
527284
545599
450589
413820
423164
448404
451996
413158
423117
413120
434480
525565
415346
409844
466648
666637
698116
391002
425106
385739
378934
388844
504995
731656
389951
440273
422205
407524
448146
400434
484854
389365
464007
728293
804201
759184
753104
738343
744969
518958
390938
378472
435001
465971
482208
453342
380791
372522
374084
384629
367388
424893
636992
468560
393552
469759
386246
393458
419948
429003
385717
399024
369262
488980
704850
812614
746524
447990
689158
411658
364569
535471
567085
453328
584510
532813
364802
371424
384115
358314
358442
429692
526346
477031
371327
355463
360632
359106
367059
436737
399537
365286
356535
357939
358414
352782
362301
597218
481472
810355
643130
611248
620168
616264
353725
494776
657806
425565
456783
452381
381896
364859
466540
452143
637697
504604
395166
411685
410538
386902
419232
444075
389566
403611
379455
415153
391897
426765
481284
442933
449485
367635
367725
367344
400782
368808
713410
748190
680736
517542
366619
409807
364650
365803
383335
442901
458098
690958
388348
382579
407873
383282
388618
380027
443267
387210
381590
384005
384482
443474
381530
387887
384022
545332
608156
477751
411469
518648
554645
779653
724297
719958
477212
769432
805345
783932
791228
812150
781295
786264
824890
827177
713858
670711
429193
416466
618268
713715
712910
477943
505936
824826
857483
789557
707696
719872
777116
766480
765752
810031
810713
761993
763339
586314
592977
835749
641366
623178
630349
677781
726659
596142
395479
377641
366688
391693
435022
729085
839505
794896
841794
797661
771847
785706
751916
566897
358140
445140
490166
660707
733315
573691
387142
512948
838801
579770
495940
355483
544328
396184
348627
448499
709731
721643
642668
371121
708762
384085
543541
673266
724417
487361
371467
469474
657233
719477
739695
718179
756265
717016
693668
699125
679380
690658
681122
681942
660093
772517
752019
724791
687423
731289
614738
364219
360156
343468
372820
699215
744271
699558
426487
479728
361928
434391
470904
386170
370141
349546
395053
389267
468965
374476
470778
442098
477757
447269
370791
360377
413800
601169
740922
716686
727205
647104
351779
386149
438375
731057
713075
410771
397288
494641
721608
352509
371605
431202
404909
427115
362276
341593
633562
701942
713192
684588
680466
703848
720892
689353
566595
414540
418725
697726
643733
677406
677788
713469
721148
701926
674038
682680
663892
669891
684543
656435
718138
663722
631320
676385
682960
690371
692684
706151
631625
653105
646731
651215
641278
614383
615389
630834
631400
620391
648929
668984
696431
698250
584771
665530
684517
700900
693020
715363
708961
707826
685607
643314
667741
623931
662326
645056
669259
684983
688851
668654
666943
711267
662717
675248
645546
659214
627416
608910
631486
682216
707738
687378
706348
680655
671953
688615
700124
668438
700975
730582
676158
659635
707584
657547
677739
649188
655225
701581
697270
714674
648374
376002
439490
656211
659399
651126
330352
323771
318472
331858
469812
671044
672067
671001
404584
318813
559415
670903
664817
619587
661810
695724
726110
648493
694454
433619
418351
686376
682580
646756
571054
313293
335263
317873
304310
309201
659866
753878
744524
760964
732667
761065
759956
732798
703461
676937
674097
651052
653418
643101
663273
676667
664413
691343
586440
630860
742549
652138
615074
610123
666027
630710
580078
583786
593712
603117
590282
628077
594882
583339
541818
294871
304136
289503
286807
286412
363283
488381
596045
289045
291577
318919
546271
574679
573617
520073
610237
598443
581588
541905
615869
585491
565692
577980
585256
567529
593057
580015
588059
627973
629830
596759
601968
569795
548583
544116
581903
579438
547952
551049
548660
522557
515408
577525
563661
564039
510694
579620
566447
626486
693706
590606
626648
596216
532086
560091
546385
540963
525226
528301
552827
506060
555462
555008
511633
575391
595440
567139
616841
570696
520767
476904
463173
527740
539699
556101
523370
516982
528037
478641
462441
256354
416460
506203
514533
456210
510951
522117
412038
501430
485249
507296
515455
491213
480236
458994
551474
516879
522688
493375
471291
491998
498874
551196
504965
527556
504463
489249
450040
499164
546654
462429
440620
311657
324788
220204
279877
377810
392724
424013
282326
216451
218609
216941
212380
266752
215362
214085
298624
327472
356460
522702
360290
366041
285203
267853
293049
215741
244107
235534
332038
275597
235728
261448
355976
346299
255915
210711
205012
347705
204716
203421
231676
361972
211917
319697
237517
389400
405902
421830
412536
394741
368346
393920
446465
410571
384549
376534
408604
293147
397251
400471
459813
449592
420463
448868
468315
443209
438424
450040
430933
390379
420988
418158
438273
401183
443558
394685
403698
426971
408302
416749
405486
391738
421716
392189
425679
426948
383178
403036
404333
408599
374653
421448
447528
415485
409899
411292
377318
396532
419622
419721
457123
292633
192607
238047
273239
186537
185421
183683
182173
183072
250077
352212
404289
394110
378488
396332
342450
382169
369762
391233
375458
213671
265198
265010
291036
186536
172812
177045
173831
198119
177201
174252
248056
216453
216898
209983
173252
192767
169190
200702
238297
178943
219161
169004
186022
166557
187375
164038
183009
167265
198718
166662
184788
164052
217192
161516
172162
281046
311741
266388
311074
302141
283742
297875
246454
149999
144861
269274
229051
267224
297222
283976
291938
288303
292682
322821
317245
313535
296401
310168
308669
311321
303698
289503
281774
276537
265152
281830
218686
195510
138548
133710
133895
136670
130767
145333
131541
130205
130092
131372
129142
224009
139128
129244
129339
128985
124485
126008
126151
124655
124907
133573
151676
146378
235512
227593
246466
195970
122197
120562
121500
119584
129157
146526
122092
117436
117618
116232
116230
117531
116171
231096
122536
116260
183169
115187
111646
122968
113099
111422
112341
112850
111012
110558
126869
109198
106534
107990
106438
105540
106701
105991
106796
108356
107308
104091
103280
128692
102407
103644
101566
102340
102626
101744
101658
102365
179317
200559
196673
189180
196862
195366
202554
191307
188538
170845
188982
170525
173846
174019
197722
191104
171713
176760
157437
157206
186958
166620
162775
167332
153436
162199
204028
177387
159857
163663
141364
164081
155887
139467
135699
143265
154688
149361
152616
155805
137489
143094
142480
148935
157866
138276
154560
148096
141426
151733
138133
144928
146788
149642
143966
151192
151414
147341
130293
151008
129496
135555
126613
178026
129085
79720
65998
65028
65796
92653
61417
61382
73630
60592
60332
60374
60688
74008
145318
146824
141671
135190
129617
119517
110025
98888
62942
61385
60960
61391
131054
159488
131603
142828
122984
130686
133493
128291
122413
138983
100693
96128
93119
97357
104027
96033
90164
89033
105442
102944
91244
84931
82245
88940
77964
83266
86174
89816
90695
84308
82285
77980
79935
80404
69875
88425
87854
89927
76821
76552
65802
60238
69795
74492
63528
63069
62017
64127
67245
65070
83846
65946
62070
62785
65403
63630
67446
65326
65490
70446
57163
42844
39992
39046
39459
39391
39046
38672
39153
38892
37084
35567
33821
63174
52787
50681
65873
55729
50823
62483
50184
63844
76654
52066
46071
45108
45300
44744
62147
53583
44374
39893
39927
39027
38923
39467
39144
38688
39216
86497
88006
78575
76919
71307
64938
64253
60861
70378
66915
65148
56639
65090
68102
67969
68401
68038
66899
63932
70451
62659
58752
93590
43850
39536
39529
39625
76512
76820
78785
73792
72321
65290
64885
65931
67165
69743
63032
68478
73594
65721
61836
61447
142989
143346
144334
143017
144962
142285
140919
139565
140879
116667
135599
143540
145623
147732
146918
77453
68586
76509
65478
125848
64846
61580
64651
61928
61876
64552
64180
61864
93246
110068
50786
40779
39905
64466
42407
41337
39335
39625
37340
37275
34321
33852
33997
34278
33963
33815
58779
40190
32384
37485
90239
84909
105899
85501
85193
85822
85625
85350
84558
82954
70748
71377
69690
69980
84036
69782
69955
71011
68654
68016
65839
90267
70217
66208
65860
77983
102426
91839
128845
118944
102965
110639
119533
119415
111031
124981
112831
108548
112865
83944
106448
58746
65481
104144
73184
54271
52939
93544
95777
89813
97877
89070
84015
92567
83716
85174
90762
89480
82871
80074
83559
83790
75017
76182
77549
78430
78964
79778
70288
73915
73215
68003
65105
89825
66742
69317
68288
65675
62745
62505
60056
66060
61552
66184
64583
68071
66607
69838
71044
35576
32415
114796
148901
115132
161474
126302
215723
221040
252911
224972
256230
231645
237996
233235
216765
227081
224128
240104
228876
225190
128485
113276
112364
155836
112404
112275
112920
112244
109856
111463
109979
102142
103510
102512
102325
103682
102760
114081
101287
100598
100217
97876
97498
96966
197625
181228
189647
145429
96922
95617
96376
93438
91641
94116
215101
195847
98440
91604
89784
90038
89122
89757
86261
85762
86142
86048
85957
86379
84642
84285
84118
156422
191468
172561
154577
161045
177332
154477
144149
137214
137639
133600
99231
98967
97962
119414
120496
118965
111870
113000
114599
111225
118929
109778
101273
100715
106338
104918
100959
101350
99162
98079
79222
77178
77987
88604
83616
85635
80088
79488
81508
83720
197903
210560
216200
206609
229571
213056
228394
216160
255843
258166
269134
268349
265273
247214
244194
204165
201026
192790
223591
196832
195269
189499
160301
100340
194892
179816
197481
197097
222631
207754
173695
191831
187271
192288
185861
169434
181151
177679
175785
176822
139461
174167
178345
197170
188532
167413
174018
184102
182982
185455
175258
153916
147003
156243
82824
112214
72478
79830
73607
132958
127208
71251
133022
135310
126680
131669
68343
66184
64517
64830
77772
122692
75207
61346
60894
61460
58894
69911
118414
111977
108730
82741
90054
75055
94087
90984
82556
84044
68508
47124
45496
41827
41877
41330
83210
85258
70723
76071
76032
76009
76216
105489
107423
117118
107342
107637
101643
103304
128094
119061
119504
120403
98752
94545
86814
90862
84268
86910
91320
89265
85420
76085
80131
75137
82186
80626
74032
76042
75798
73843
75684
120306
123229
125553
144277
119448
113377
108870
98142
94297
97056
78983
81909
82183
86596
81070
75532
84816
81996
80044
80119
80502
87707
86261
86363
78841
78507
68442
74315
76430
74920
71953
97034
93586
94917
95139
89994
88106
87384
89214
86171
87381
77820
86140
82180
82022
78692
81806
78338
79934
74309
100428
136154
146653
152098
82952
70897
132668
73302
70928
71651
70490
66009
66715
65201
65935
64113
63570
66003
64002
63641
63520
61449
60137
60114
60277
57450
59746
58132
57524
57665
57540
140999
48275
54374
68782
67356
78676
78983
71963
75692
77150
162189
169752
173683
170353
168178
153202
167885
176818
169006
189152
178815
168094
152284
156184
153041
153331
156819
175051
170450
172471
122150
121796
122254
121359
111383
100307
104430
108319
113691
110731
58653
52647
52136
51423
49338
49542
97770
105495
98252
90716
64386
43142
42452
44891
39333
40508
42325
38965
41905
39386
39176
54471
55425
55010
52709
52903
68275
99221
99523
97708
107503
91039
100321
95596
83963
87354
84201
83366
90442
89355
92082
81658
79731
83486
76354
76729
77625
75207
75327
75658
73694
244767
251748
255645
232207
263718
238099
260747
268956
263732
237282
231209
230840
231016
215232
222993
226336
225970
223828
227148
211436
188453
197550
205853
189099
197721
189847
227289
180893
192315
176025
125080
125434
143381
119918
128200
127612
133733
139296
124515
131719
123420
69086
75792
115706
113363
114286
139884
112691
104798
106969
118696
80038
83288
81709
87602
83663
78852
81809
94213
71813
72230
69114
69828
65210
59845
63280
66461
65362
69064
68268
65789
97571
95661
88267
86767
90212
89679
86369
89390
88531
84982
83632
88677
84612
81838
81822
74954
76593
76928
82317
94407
69923
70453
63494
67907
77329
72304
72107
77215
77880
66715
140993
119096
138043
140335
145260
130388
143738
140050
125625
73180
59515
58209
55322
55619
55762
55298
55486
55993
55418
55161
52699
52322
50762
50527
95817
92470
94697
69752
77536
97738
93292
90943
72274
80018
84271
65087
45319
43796
43903
44007
39102
41628
36576
36499
39122
63547
69568
47612
37545
36854
36764
39546
37976
36606
45336
37950
36482
36590
36649
36951
36763
121833
94627
92222
105767
92436
91176
91139
91972
92296
91771
148954
160334
92243
87802
86248
86308
87081
87762
86402
86914
69381
67115
67539
67410
67012
69534
66774
67095
67490
93371
67203
59519
59254
98480
107774
107039
120630
66180
90481
138932
63918
54270
53682
53782
53297
53425
53438
53321
53521
53648
70323
41177
37348
36412
36994
36666
36533
36776
36834
36924
61916
106886
89824
106141
110738
106949
104975
106812
107276
115021
112250
102699
103498
104296
94490
101540
102960
101293
96124
104744
99669
92159
95467
93412
89870
86386
92697
92403
94771
96906
89773
81415
78405
75821
76474
84732
83740
83810
83346
85804
83810
67767
67741
72083
71236
71295
73353
66390
66814
71224
71174
3702200
3544627
2494071
1535119
1849246
1920423
2858103
3072842
2606841
1696569
2059304
1914065
1569490
1674303
1596637
1664678
2706223
2783293
3227309
2518635
1850705
1844920
1961350
2646694
2969037
2701420
3384488
2363974
2491313
1990822
1996422
1973957
1784227
3066944
3126961
3306239
3433502
3541046
3479754
3313724
2922884
3293918
3306033
3302576
3247524
3017674
3369517
2158267
1974426
1878084
1680659
1645450
1843551
1634680
1523919
1483227
1951140
3010667
2832260
3192349
3112738
3277561
3178694
3026228
3121632
3199279
3172492
3350323
3353701
3417403
3475002
3429663
3354206
3558199
3303741
3354427
3386964
3329391
3320654
3369617
3374301
3323670
3343348
3324288
3285622
3357717
3325833
3194441
3330686
3427068
1929012
1684691
3224178
3240348
3575009
3197142
3525190
3737953
3337980
3494069
3457881
2970710
3122064
3442758
2919910
2204538
3125589
3279304
2457215
2202463
3177732
3119248
3154291
3081495
3211985
3261328
3217033
3089455
3244702
3241871
3090806
3305146
3510934
3448031
3493182
3527486
3372002
2817206
2054273
3171949
3416179
3415405
3201052
3358324
3230089
3176774
3172460
3641358
2890928
3510209
3341134
3591292
2525841
3323305
4071989
4084622
3964261
4008221
3903252
3880944
3803869
4208045
3452698
3861088
3827765
3720541
3938888
3693278
3829856
3738005
3610378
3661667
3524839
3512341
3116522
3169791
3252923
3321054
3226922
2996490
2947931
3143408
2951431
2979100
2971332
2927284
3003858
2983538
3008351
2988033
2948421
3024221
3307098
2998320
3470464
3343812
3530982
3353174
3283389
3283101
3349299
3370997
3207617
3323579
3489911
3168491
3421041
2503701
2236084
2941040
3143598
2922634
2887675
3104016
3446258
3021609
2716500
2749572
2918506
3302439
2643729
2354266
1920643
2026045
2435036
1866404
3240003
3563911
3646085
3235176
2975417
3043972
3209026
3021337
2964924
3723870
3484495
3484437
3477738
4033079
3351215
3730483
3767431
3931168
4427470
3998779
3658355
4233321
3661854
3381444
3249506
3350494
3903106
3333191
2002167
1713312
1941310
1922337
1945169
2298798
3938843
3537683
3253621
2959064
3211275
3390985
2901113
2972005
3580603
3440295
3135564
3079757
2188397
2876714
2820423
2923396
2928471
3232680
3298272
3174492
2987165
3165231
2846307
2771301
2622504
2633129
3003823
2918856
2785911
2651644
2683195
2485563
2460037
2827606
2858417
2762365
2500443
2691243
2652202
2668603
3028054
2868073
2954361
2595631
2466375
2514684
2578052
2816180
2928065
2656183
2443400
2517885
2496203
3067892
3074118
1445216
1471117
1674064
2481234
3185614
2470075
2201159
1950313
1649048
1592113
1498777
1783135
1526499
1565645
1542476
1504156
1929276
1521031
1609751
1527482
1579192
1570454
1633478
1921789
1652533
1723947
2081281
1727840
1665695
1737050
1659882
1602225
2116617
2419867
3095770
3210334
3045268
3134434
3218314
2649589
3104506
3137091
3179991
3155332
2778631
2921576
3158485
3192265
3025661
2881444
2318030
2134524
1801056
1618260
2924351
2331680
3182490
3229771
3103000
3683111
3729910
3540661
3827230
3772627
3679921
3833648
3390017
3402454
3497801
3284291
3505443
3664043
3717865
4063133
3706665
3798722
3671436
3774331
4077472
4258920
4348852
3920147
3829559
4043829
3776135
3669942
3639012
3958356
3435327
3322003
2143770
3209168
3316404
3149602
3155709
3200151
2944101
3303341
3048058
3105358
3194342
3293212
3195618
3238319
3523851
3614188
3392172
3655577
3634025
3577925
3692049
3884253
3552825
3557011
3310640
3940817
4196957
3814118
3995937
4092030
4281531
4431324
4697973
4653117
4590924
3993267
3873584
3832545
3890363
4167418
4117817
3934508
3621933
3508929
2772348
3755427
2675868
3152149
3412684
3148552
2968731
2943247
2903606
2732090
2845064
2735257
2831294
3507180
3311294
3454008
2724412
2721659
3668836
3505802
3360253
3564104
3625755
3655803
3662909
3445263
3414940
3200605
2959644
3286405
3416086
3176616
3134196
3368315
3210865
3206648
3294074
3499563
3859944
3620447
3441609
3434091
3914552
3670101
3957707
3728546
4292303
4211866
4373082
4532423
4564546
4287873
4694496
4510508
4116444
3885518
4043196
4027765
3791330
3908853
3408119
3209952
3171248
3315364
3071086
2957855
3050320
2861285
3277587
2992536
2907921
2935621
3003959
2976653
2966614
3025908
2988888
2964379
2870800
2816487
1498048
1723673
1761578
2464836
2601280
2841094
2676987
3001731
3277326
2917738
2883786
3064953
3158854
3120440
3322938
3260508
3004209
2974507
3309427
3200284
3281635
3110591
2959912
3216532
3158188
3220600
3025231
3122915
3565518
3102439
3020215
3016146
3196561
3328840
3564202
3026247
3354302
3308884
3300998
3407447
3348341
3551817
3201171
3343626
2933881
3220273
3325531
3019920
3149921
3113321
3346857
3349098
3085381
3185256
3475173
3651387
3993296
3937369
4255655
3521817
3439902
3544932
3599468
3177901
3291640
3260331
3099332
3180241
2805860
2900650
2928875
2787145
2758316
2797411
2741640
2989295
2939883
2764326
2710998
2848495
2669998
1625718
1733539
1453056
1516688
1749887
1396943
1760061
2050237
2191686
2282270
1808893
2566758
2787555
2730877
2434354
2762528
2808854
2332576
2336302
1914820
2309040
2493474
2644357
2468629
2631031
2395331
2624472
2613271
2546008
1904174
1935998
2255527
2499700
2614439
2670977
2595563
2653157
2613183
2563505
2508959
2489476
2516052
2596743
2626506
2591668
2576486
2570860
2550884
2599204
2818000
2700911
2668385
2608646
2460230
1852465
2412315
3440920
2026048
1949919
1871045
1770785
1976596
1868720
1925537
1856515
1843049
2094170
2029303
1713340
1806197
1808945
1952593
1750680
2480313
2168783
1659579
1638510
1705166
1588965
1609972
1740731
1679864
2361924
2770572
2692058
2978722
2728274
2713196
2879987
2616494
2661097
2715321
2551798
2807641
2520777
2484301
2816447
2021749
1389910
1258094
1271178
1326529
1253077
1285795
1611292
1335571
1507189
1544367
1273095
1885190
1353962
1339373
2289473
1723763
2674221
1447064
1326223
1287093
1273733
1251283
1183104
1303514
1207543
1209052
1282100
1597837
1194397
1288206
1234049
1222571
1283395
1323692
1201890
1383157
1352268
1796682
2463664
2562309
2281874
1993275
1753787
1898978
2580541
2415382
2429393
2523939
2313754
2487034
2025273
2425026
2334294
2334574
2316194
1468041
2359511
2061253
2228877
2651947
2662698
2627000
2270777
2602155
1939539
2757663
2810771
2684557
2791505
2822129
2921629
3066517
3229139
3251622
3190456
3295569
3214181
3302529
3293192
3490580
3411476
2967325
1619358
2074229
2941250
2305746
3186378
3061683
3164969
2964852
3169568
3096539
2814590
2901562
2910784
2897611
2908761
2857230
3078020
2946040
2902884
2864435
2861068
2623757
1342547
2486563
2879343
2839639
2905625
2813743
2985466
2779907
2844693
2959366
2974822
2973372
2911770
3334153
3286454
3162135
3069084
3221582
3327967
3292582
3250688
3103546
3455880
3312439
2875551
2812331
2877539
3071334
2959249
2944003
2926125
2010437
2384215
2962096
2656809
2804580
2641430
2905449
2639940
2615455
2574387
2570090
2438613
2465046
2330253
2395909
2357190
2159863
1845763
2080148
2192529
2244541
1044449
2308981
1805829
2242134
2293903
2432562
2363550
2310480
2577390
2462898
2505305
1457110
1381912
1984037
1404844
2537535
2540268
2690995
2815689
2789337
2860669
2854778
2671208
2945744
3078092
2795743
2872591
2827312
2898785
2851393
2862422
3022791
3025550
2828650
2809544
2886415
2896503
2985784
3012808
2911083
3044481
3213085
2935466
1757873
3083164
3053598
3085960
3129954
2911636
2497861
3307589
3391736
3393336
3378774
2659110
3080587
2911415
2800217
2919103
2918212
2587236
2505934
2754625
2469080
2514555
3027683
3029275
2731860
2787515
2764040
2779427
2657463
2854666
2705809
3103077
2755201
2903225
2217549
2736396
2639866
2959588
2740578
2791523
1998256
3153872
3006009
2325527
2485222
2672964
2849486
3145014
3135256
2672928
2706740
3139848
2884498
3035957
2751601
3248156
2932021
2767325
3070807
3015298
2989517
2620601
2724272
2761131
2179998
2546351
2814950
2483583
2389525
2503034
2449232
2529423
2102575
1162047
1789920
2249259
2461560
2525200
2294018
2283822
2142977
2012818
2059431
2187257
2020181
2060271
2077117
2074924
2132012
2097285
2240701
2172613
2349010
2353755
2432192
2366384
2375781
2420410
2196121
1182800
2431464
2353424
2386967
2506884
2482893
2495168
2486502
2458072
2511743
1948884
1903184
2272331
2490277
1802578
2285356
2098510
2417725
1692984
2425205
2433974
2564953
2718504
2568826
2561303
2812640
2755117
2619870
1557855
2441341
2761495
2921722
2804810
2848533
2943235
2765748
2855419
2929159
2906400
1945714
2928337
3099780
2980178
2179395
2668822
2759362
2967114
3011967
1644647
2299874
3132139
2718142
3053668
2974057
2832635
2662848
2692828
2901185
3312415
2596901
1586608
1834847
1831374
1634625
3007357
3176623
3260514
2514099
1612223
1472322
1499464
1455314
1459561
1540512
1751274
1919317
1777975
1355733
1342880
1333262
1753968
2418069
2743434
2631728
2654961
2783036
2709245
2693261
2740945
2611591
2541734
1884742
2195054
1556335
2904371
2649479
2159260
2529193
2446498
2026761
1313372
2113196
2336747
2453154
2235758
2243576
2197490
2192246
2358068
2211024
2268556
2244661
2364273
2054814
1061061
2451202
2566261
2128356
2224221
1827268
2204520
1926547
2318710
2321492
2308097
2227171
2084992
2301667
2287284
1850815
1230306
2182653
2034432
1561924
2213898
2147538
2346064
2221365
2213598
2299127
1484758
1088617
2227371
1859334
2156814
2169764
1918949
2031845
2069985
2014478
1545973
2339543
2312426
2183224
2276663
1913127
2061005
1772361
1757372
1291263
1210754
1134658
1237776
1912354
2316771
2140221
1912919
2130906
2161680
2343664
2091741
2368066
2094762
1916242
2371071
2338374
2422081
2371969
2485854
2052382
1855465
2161070
2225387
2333383
2187350
1994588
2036839
2096327
2163765
2289181
2362470
1673025
1500353
1225665
1157263
1172433
1720691
1379005
2128949
1287948
1180538
1553280
2284198
2455609
2356362
1887955
1282984
1583272
1308693
1503498
1815334
1477348
2193569
2165414
2200043
2193765
2127272
2117716
2095426
2147501
2104671
2133894
2126642
2213647
2294192
2338975
2412287
2362538
1543833
1871823
2281099
2512338
1879723
1808579
1315760
1270366
1812527
1977272
2267891
2391173
2171812
2311625
2249695
1161567
1544260
1069977
1665334
2318918
2200260
2171464
2261482
2256626
2193124
2358850
2306696
2304441
2349423
2285424
2323043
2472546
2369320
2217912
2154838
1921829
2063771
2052749
2097534
2070041
2071836
1961613
2091678
2093748
1994774
1977198
1355640
1588861
1013768
1042313
1406030
1358536
1505586
1150755
958035
1255181
1079109
1364229
1391764
1361730
1545432
2025070
2046248
1969594
1440398
1992136
2112211
1888688
1875660
1715969
1107226
1814664
1841379
1616569
1947459
1924389
2097844
2007797
2073796
2044406
2054693
2045887
2106364
2017827
2020694
2074616
2053407
2034936
1653518
1289940
1975768
2112899
2013908
2156564
2171582
2252567
2125504
2136576
1800314
2185877
2212024
2161783
2143071
2184391
2273065
2233750
2348971
2214389
2180309
2362762
2175113
2209663
2277820
1562555
1994052
2159444
2245985
2106190
2084481
2107795
2151292
1988296
2035159
1935705
1818459
2129386
2037983
2123252
2075100
2215655
2190194
2201998
2058196
2068332
2222141
2221154
2111218
2263476
2175103
2245631
2160333
2192201
2186512
2064663
1315742
1014747
1583104
2173312
1225679
1841901
2103193
2141494
2145563
2098767
2165323
2079980
2064162
2188989
1890795
2085457
2293348
1742823
1446202
1550417
1215883
1268421
1218638
1420393
1410182
1789062
1829168
1306945
1213218
1171999
1519200
1191377
1366421
1105345
1573800
2416036
1927709
1696577
1419173
1326355
1625881
1357922
2048992
2160934
2342397
2249952
2291843
2322002
1818101
1682570
2291298
2402706
2470503
2311150
1988748
2291770
2214435
2327139
2314661
2298220
2291871
2318591
2205114
2269698
2136733
1344775
1219907
1237806
1139265
1322546
1144544
1232703
1683937
1123847
1435269
1199479
1821194
1832132
2073045
2057846
1974756
2010527
2010481
1047082
2037421
2031050
1974235
2032097
2088370
2004082
2003832
2085491
1635678
1298146
1086255
1503877
1973586
2001199
1986604
1828001
1757711
996222
1110878
1022965
1193488
944808
1165822
1018649
1075076
1143194
949061
859080
1186575
1886863
1723493
1834889
1303026
1344995
1221575
888698
926276
955900
1117051
1033335
1555386
983526
1187371
1600334
1452714
1349543
1313835
1170941
1006855
1256900
1163498
1632120
1432076
1940401
1971087
2169116
1564356
1415405
1162703
1213053
1033631
1448137
1409719
1183857
1190476
1425683
1041390
1215345
1063290
1144642
1372825
1624373
1921552
2158088
2106439
2117837
2148193
1451786
1067958
918665
1067536
2111319
2042690
2018960
1911187
1973647
1782834
1819742
1890685
1966447
1883950
1967467
1849906
1861135
1898463
1823574
1797100
1875079
1668514
1735922
1779026
1793572
1743912
1836846
907192
1105937
1798213
1743625
1708415
1735724
1776410
1699626
1805727
1692640
1746077
1770308
1638256
1730910
1521351
1234739
1558055
1613073
1956891
1792897
1946360
1804429
1879187
1950965
1963660
1029961
1233615
1883345
1778955
1718492
1820133
1857935
1361162
1937567
1949118
1850267
1762257
1771014
1822738
1974015
1924522
1910141
1869127
1821594
2000774
1584398
1692967
1753965
1261128
1806578
1835938
1853561
1812726
1869177
1845002
2054060
2048294
1922943
1661413
1628463
1779326
1073882
892058
863941
870327
1762408
1774841
1824887
1828497
1938007
1894815
1808522
1788788
1769003
1771121
1865761
1795273
1858139
1754992
1729400
1896919
1839275
1866310
1657933
1749609
1646922
1725939
1616921
1684899
1653280
1686527
1663310
1626079
1199218
785436
979029
1764396
854965
1638206
1532526
1490489
1516652
1474789
1521353
1612549
1349508
1495979
1655579
1582053
1517410
1609846
1584729
1559278
1640328
1573502
1698810
1620847
1558061
1716992
1640314
1618823
1501075
1632538
1512852
1675909
1667373
1699182
1524659
1743078
1638744
1628614
1674696
1602265
1639513
1734274
1743111
1660691
1602849
1720873
1654055
1755011
1635146
1638160
1784258
1756541
1726553
1697724
1712194
1492627
1766779
1669832
1681314
1750893
1719002
1809357
1725605
1860827
1798203
1774412
1741920
1667606
1764824
1763537
1686205
1774903
1597684
1764136
1711343
1735561
1744327
1725249
1890158
1894706
1937777
1896034
1882811
1930323
1871518
1824636
1341139
887996
1234286
1954394
2082993
2056902
1939219
1840993
1901903
1802481
1848977
1672047
1733870
1696933
1649319
1724484
1738227
1590908
1699125
1624823
1762792
1724718
1544571
796051
791565
1117784
1736262
1741390
1771565
1792870
1617761
1740468
1803498
1332019
1602246
1700672
1627035
1717906
1729447
1618850
1734522
1593585
1716989
1722628
1541956
1720747
1521911
1526232
1130651
1480337
1631826
1725281
1358816
1831936
1845282
1300456
1785964
1819884
1669928
1889739
1800834
1705008
1913189
2131138
1998213
1957405
1861245
1774853
1767410
1481919
1108469
1183463
1919764
2129160
2254906
1653853
1114431
934225
936130
914232
2055678
2023732
2069587
1810664
2034500
1829604
1769375
1913596
1296553
1266029
1532364
2027647
1679622
2323963
2085101
1877445
2132889
2258986
2280173
1610155
1922019
1865335
1894214
2010312
1905671
2013568
1821131
1991246
1556996
1507544
1755952
1601655
1677775
1646978
1583077
1553448
1492450
1606016
1727363
1612310
1554139
1583112
1501877
1603034
854974
967342
1617077
1471846
1533011
1464643
1163073
860077
968686
1393636
1230542
1366173
1470095
937451
1226781
1444828
1310120
1491287
863517
1338344
1002648
1338130
1026015
804837
1466762
1384518
1421522
1167703
1346770
1371123
1342470
1385670
1202120
1431451
1284091
1378200
1366765
1438003
1363498
1316140
1467108
1358058
1446124
1288758
1429594
1436346
1352419
1338380
951470
1132780
1246365
1011336
746696
1196285
1157420
916287
1519573
1430081
1504811
1261800
1522066
1430053
1369645
1552312
1452572
1463467
1524893
1247290
710581
948630
1609412
1668429
1549941
1556504
1556207
1808259
1556014
1680296
1696397
1528087
1682959
1667194
1501326
1674375
1680790
1518666
1700903
1671902
1514601
1711989
1050521
871940
1592290
1710959
865093
961443
1625232
1672306
1633375
1671697
1518137
1566354
1659837
1498196
1544548
1633615
1584723
1215225
866204
860514
1288690
1493237
1618957
1668341
1479437
1738668
1349245
821229
1553004
1518334
1062071
1611304
1319654
1627369
1111499
1585607
1819849
1541182
1540271
945560
1126484
1025780
738450
827327
1225477
736240
966527
1527286
1541759
1599117
1688219
1585069
1311272
1042759
752478
699173
731069
1155218
1211877
883179
1091073
1525381
1603446
1568255
1529470
1648749
1736409
1822402
1748047
1734010
1568768
1619607
1741343
1627333
1655261
1768066
1732634
1657815
1516790
1658788
1787327
1546642
1568859
1746466
1642024
1693906
1712281
1782880
1408147
839748
763763
885710
1182079
880712
1491393
1424188
1488034
1700724
1356377
1315089
1358326
1301373
1419630
1376988
1586282
1377482
1369259
1605631
1371612
1631600
1714454
1751927
1585152
1054247
756515
1565173
1743012
1278854
1535544
1569910
1702187
1520940
1686357
1391430
1512961
1633452
1636279
1531547
1692817
1499206
1340976
1528545
1363731
1447304
1424681
1413163
1518689
1374231
1448069
1410180
1446001
1307741
1087545
1076701
1080789
1111650
1176900
1302826
1232897
1147651
1312776
1133224
1155883
1121131
1176832
1220326
1104741
1327990
1218469
770596
1149375
1190859
1072748
1161974
1179346
1164376
1209899
1195436
1101246
1117278
1101804
1197811
1102672
1205365
1093708
713447
913076
819247
1171553
1186011
1097632
1035564
1136793
1171375
1102706
1089984
1086736
1189119
1035266
1197531
1047754
1200014
1009081
1273887
1045941
1107753
1120646
1072248
1009013
1126655
1098303
1250244
960074
1328822
730948
748293
572465
607439
818164
1070252
696439
747254
853201
1177184
1181638
1293685
1269841
1233767
629610
682066
553698
752832
922399
629688
731899
765202
824802
664005
601387
935874
1163217
986905
1109531
1192779
1270527
1324470
1301337
1240050
1266467
857785
1219796
1271161
888625
785009
678571
1178599
1206560
1372142
1222391
1201451
1221485
1297837
1378264
1292570
1267637
1192038
1272436
1287622
1184104
1153399
1354855
759722
590723
589484
594752
1302745
1399997
1275540
1291908
1446567
787273
1075629
1470436
1259214
1558978
1250341
1464783
1273949
1402244
1437294
1331758
1413988
1448996
1299640
1479497
1275944
1018856
653645
1062841
1346051
1414497
1361415
1271522
1342941
1146390
1190783
1250648
1220037
1316801
1220290
1119823
1114263
1342373
1345241
1365976
1369095
1351486
1069424
961892
787727
804383
635528
553430
1128285
1159399
1231206
1247615
1104034
1207212
1152124
1201603
1141828
1148908
1136527
1143015
1131011
1148875
1179393
1126899
1042515
771917
627281
497939
597434
1089793
1090511
1088434
1102438
1091804
1104019
1216121
1120152
1114035
1093983
1128828
1080489
1095429
1123015
1073710
1109956
1079833
1089517
1079173
1139784
1083813
1092042
1251924
1074866
1085506
1074943
1041789
1080245
1060393
1074887
1036356
1018388
1064148
1114048
1036459
1084789
1117995
1038421
1074979
1091892
963594
1065667
1097053
1065281
1031123
1062251
1089867
1056224
1087846
1043555
1046299
1070180
1045412
1084789
1040461
1068354
1119911
1004397
1046041
1062134
1039472
1064719
1100334
1165578
1176206
1139888
1272865
1178547
1104412
1144173
1119361
1147685
1064665
1166279
1146535
1106912
1264029
1117353
1121362
1195745
1093667
960685
1117845
1065916
953192
1008987
1083144
953629
942509
1019247
911517
994009
946890
1060619
1094384
1008550
932994
891391
905850
956258
939763
945226
729920
443439
446719
431887
810333
791536
780062
791882
774165
853238
922681
908670
773450
826266
859866
909031
938309
980787
845229
865395
776597
901199
883242
854089
851785
886620
878234
911143
969978
957466
942961
987185
1012227
1019206
1017611
974279
964369
1018822
920495
994214
972861
890775
1013272
1014367
999036
1010711
1039155
983910
821558
812963
983065
1147936
1126574
951382
1056323
1008228
949432
957984
965205
914209
908539
996539
1006542
1011821
989181
987638
659432
505482
958482
542269
495544
921538
1079162
1036448
1082356
1015031
1065036
1044345
866230
972516
909520
1012476
898512
896428
949223
1006085
861008
963685
1063975
1115663
993055
987206
859219
902482
986946
1232205
965483
860599
944934
1017276
1005635
945503
970108
1035419
904304
902454
838560
801256
770527
862996
911522
931912
932609
900216
916701
848771
819461
863990
877897
843191
822368
838865
852031
856553
893052
811604
812750
853727
848583
866264
908175
873035
869839
867675
839170
822821
894953
804503
781378
892274
894475
847301
886016
886028
907738
735174
882452
885210
908691
912798
804483
848262
838465
891015
847437
825327
849642
943402
855370
805426
863665
861163
833982
809491
787284
724025
657363
481607
381641
387329
385302
381377
426427
861032
826525
800847
714760
384916
595650
779876
794404
788378
771132
781512
765571
775417
773133
842433
803352
728996
698853
677187
737187
766894
769035
830987
847765
708205
755769
774768
745029
845512
747951
725605
746211
783123
757261
757457
751691
676545
722730
759001
725300
751380
843307
806576
727658
732420
768883
887575
798249
747582
792124
779752
745365
773962
695961
623809
713653
781198
801377
775705
778921
855984
766345
615021
470683
463166
472355
546979
468514
467444
458082
504027
725761
599006
724971
765632
712223
758170
730311
683577
748501
753251
718909
743585
735711
742106
718866
751282
725674
735122
735480
717318
732613
741036
740498
697076
742111
730901
727730
701278
727035
625021
698126
587583
594712
630392
646462
694402
719018
688540
659383
623229
628445
691419
382110
675636
610347
667481
683517
644080
421411
369634
374325
314765
313283
305965
312781
408029
325438
310211
350190
305822
306832
314689
305721
301768
303524
291645
548945
527175
581077
565389
544975
610055
631054
610042
635064
650214
641847
669001
608627
609025
636811
624608
513356
395957
293521
291368
264858
396977
465739
258274
260097
261919
254774
508964
310773
257440
260665
384530
258329
256254
523697
358165
256395
247941
353160
254103
259338
251220
270800
249592
250104
446560
535854
288393
252278
247986
243767
248584
401972
474639
503946
502956
496952
509204
486970
484782
504553
473710
534061
541945
562198
464801
384133
235804
233402
238600
287845
237546
234457
243024
232386
268820
227268
230472
231973
231115
245189
232665
229781
228000
231178
222147
224433
242719
224077
303387
228080
423860
229836
274108
226389
217116
220554
218378
216939
220256
217880
254317
467550
300885
262140
228652
209806
291191
214807
212562
239851
216808
209989
223276
211797
218670
207225
210421
206138
208753
211235
209294
208776
228578
283751
203945
202623
203858
212811
221645
206876
202954
203301
197514
196435
197353
197303
196140
200301
193428
200501
199857
196325
194124
196975
215969
196843
191945
192630
189980
191657
193251
190271
225471
193629
182757
187154
185431
184672
188861
199502
187231
247014
184738
356762
365377
184422
180147
181185
183565
177392
181017
179430
183063
197397
304878
319143
301155
295640
292527
298343
305329
322698
314667
338601
333446
358469
322324
324486
314205
331217
317026
274505
157331
151040
151804
150010
148209
164713
183269
325361
265141
268532
306455
277953
281626
301323
293158
302987
302376
243569
293164
241217
269846
234535
273269
276513
229096
245079
280434
296257
247980
295099
255219
265880
297451
246035
248272
243798
274896
245968
273499
288917
277215
316341
236553
249951
271275
269276
239787
273911
273162
271499
295856
290362
303546
286552
286836
280262
286254
271481
273347
269728
274860
282868
279296
288471
264382
269852
139389
129954
132340
129195
130164
129219
234185
217333
141176
124455
123625
126961
123790
124428
138250
121632
125314
121007
117666
118447
120016
118793
117583
120562
120216
134983
116030
112943
112553
222485
230777
224917
228708
228335
253880
230430
222788
215508
218642
214216
212238
204206
210237
197050
217513
214523
201788
201259
208895
198948
211502
208593
227238
227362
222949
224032
212041
197747
213705
213106
218482
212258
190111
199082
145673
100231
92213
91946
114910
172278
121545
104426
91716
91953
92279
90488
85203
85991
85851
85450
88247
166067
107273
87252
131679
90743
80994
79683
80028
95312
80576
99970
118526
82260
79964
81134
74092
74426
78465
77809
75937
74703
73982
74141
104299
121422
71773
73441
68426
71927
68756
68489
68545
69084
115014
72107
63293
58616
58719
58970
72192
59538
59602
58412
58018
58566
56140
51975
52059
51424
61081
52777
100281
58580
51995
51874
49091
201056
92906
84443
84581
87767
87623
85189
84228
202947
149466
59879
61999
59241
58380
58081
58780
58630
58184
59127
56137
51885
51815
51975
51461
51822
51529
51500
51689
51517
49031
51862
51794
51751
51707
51735
54958
52359
51576
105114
54964
99061
98613
103251
101369
182256
103460
98932
98033
98737
95606
93187
92850
92249
95202
94027
95236
91988
93308
92650
93550
87245
96255
146937
89205
85203
88788
150585
93929
88627
95070
79033
129410
84060
81244
80893
78622
92165
78160
79563
79200
75839
66966
66103
66755
67279
69437
67009
67400
66445
67824
65034
61900
58500
90194
87475
61212
59105
59180
58726
60131
55864
52181
62812
52035
74359
58202
51724
51724
52122
49359
49699
92092
107273
100283
101537
101206
99462
97077
116701
94675
95040
87819
89302
89042
87887
94426
89163
87947
88099
90489
85368
81217
93837
82795
118644
87992
82005
81717
86035
81421
83678
75163
78341
74293
75043
74369
89891
75266
75038
72544
72949
68647
68651
65119
64859
64511
65180
64506
64029
62141
102060
61099
65055
62402
57270
64695
57394
57370
57478
88164
73570
74966
72817
72889
73209
72228
72388
73627
72051
70291
71001
69902
65348
66302
65817
65797
78358
67004
65565
63439
63022
64125
58075
57097
57270
69081
57883
104196
62582
54680
54552
54448
87307
102669
89075
87896
91588
88176
88340
85590
86435
85073
81396
81594
82319
81541
81437
81273
151627
100797
79982
79284
72825
71911
75283
110567
78249
72111
77082
73174
69226
81970
70179
68210
65714
64309
64670
65512
64730
62053
62141
61824
57826
57807
57370
57542
57719
57355
57843
54652
54504
54507
75639
73979
74240
74862
73507
73675
74629
104176
72889
73146
65950
65336
65609
76542
66619
66310
65248
62718
62770
62001
58376
58135
61311
57731
58141
57751
57446
54840
54969
54776
54660
64719
69084
65925
65015
69157
65769
106068
69518
62682
61961
65709
62277
67100
52819
52582
52359
49632
61478
99716
97913
179965
133679
97996
94715
90212
90338
88852
88344
88006
89122
147177
161202
160625
168148
170360
174817
161810
157738
163324
162064
149232
157949
161578
155505
162225
155513
145906
117229
76643
75925
53285
52890
52890
52812
52411
98103
61736
55393
55438
55186
100127
104156
99224
99056
205020
215921
178733
100400
96796
95580
91848
92073
91287
93636
91944
92482
89111
89712
88493
97942
105856
134109
82608
80114
79019
79204
77484
100712
85454
76694
58396
57896
58299
58064
59895
58384
55486
54948
55189
55177
54752
121800
137248
121428
125560
121856
139436
128303
171580
120874
119599
111586
112675
124610
107652
107516
106722
105732
109592
122915
124322
104649
103126
105343
100889
103727
100444
103603
100387
99077
98315
95124
125011
100728
99117
97987
93472
92586
92317
91468
94450
74316
73931
75014
78020
74060
72200
72817
71438
71967
70953
67236
67714
67358
66960
67738
68548
65766
68860
68299
64390
58726
67569
94823
81252
59628
55619
55361
55194
55136
55161
136734
138458
134990
138077
140815
133607
131554
131678
132528
136622
128868
128552
128354
128199
128989
125496
170690
135347
125252
125520
103045
102363
102809
102917
103222
100491
101750
99056
100131
101570
103723
96342
97834
95637
111661
94265
94454
93159
94762
92938
157228
133888
90477
88019
88103
87294
85542
85706
85350
84948
85651
80495
80466
80719
80763
84203
78430
78101
78020
78441
78121
74978
87495
73892
73382
70800
70676
71506
71174
71294
79556
165404
60136
58596
59194
55975
56260
55646
55574
55947
55767
119768
120930
121407
124322
132509
119631
117743
119182
119046
119522
118661
115517
114689
113345
112423
110511
155436
119006
110443
110582
106510
109540
110150
110166
102950
172282
112831
104096
118722
116884
105723
106705
107948
106036
103582
108777
104382
103785
109992
103515
160042
101906
101413
104164
97174
101533
95701
98570
97527
96110
97674
88386
87978
88854
84752
84885
86035
85522
99166
88801
85737
81015
81750
80437
78186
128491
87839
78241
78315
77001
77852
65519
82194
66287
61815
61842
62052
62403
61882
61713
61861
84092
84645
84408
81239
81540
82083
94026
83007
82467
80899
76677
77004
75995
73721
132737
80057
75219
74119
73710
73526
66422
65937
66304
62185
62575
61839
62217
61900
62129
65068
126142
121842
127048
119257
118990
123404
118724
124946
121376
122705
172773
128780
117270
115885
113934
126478
113934
115025
112516
112134
110152
120205
109039
105399
108535
108625
105327
120963
107560
105952
99049
101494
99269
97575
108993
213568
104498
97786
98632
96026
96258
92496
91259
88437
89613
88204
88425
88769
92690
88489
89603
173363
87429
72018
70783
70395
70995
71378
70961
135039
77082
66302
65924
62361
62141
62875
62360
62622
62841
62561
62257
66361
65646
62430
82351
186714
64703
62960
62497
62487
62609
122281
122441
119614
118433
119635
188409
141029
138534
133913
132982
134671
137662
126502
255073
258877
251971
153833
128842
255138
250203
150752
152386
93818
99091
158165
160929
156308
104979
80494
80355
118756
90751
71825
71302
70819
71269
70720
70936
71229
71267
66662
66089
63770
62862
62934
62882
63041
142816
67745
62493
104232
112879
180493
194826
201100
109035
102520
99814
100067
101487
100548
100010
98503
93248
93772
158086
166077
182399
189063
183643
180236
166948
159887
143698
147058
147983
155767
157701
157861
145028
142540
127164
123136
158623
123961
125083
127428
122750
124140
121885
123885
113546
108813
108389
109444
112018
109053
107469
108566
105595
107788
168633
187585
188004
173042
163231
166198
163744
158239
161516
156502
127061
123020
126229
124045
124946
135486
128430
125142
150300
126959
117863
110847
109204
111140
106578
110927
108494
109737
108692
111834
114012
109043
111159
114594
110081
110254
107367
108918
131454
112343
220447
214330
213761
207831
211133
209540
207671
214763
219988
216254
209211
206299
227026
202770
205082
201256
205848
207561
200022
202643
205742
187361
188896
183117
188107
186547
197431
193827
185821
192267
183772
172975
180377
177898
173910
167558
169036
180204
172827
172498
171614
111271
111288
109132
111225
105834
107520
111639
109725
109228
110494
142669
136541
139356
137339
146808
137533
134308
139894
274414
144502
125208
124856
122910
126829
123845
126335
122634
124332
124130
125961
109765
110117
109640
111908
111113
109754
107939
133003
108771
108009
163054
166364
167068
167660
167508
167626
167677
166898
166360
175653
154122
153493
149615
179251
153147
159205
155585
159802
154675
152381
111145
111107
115244
110691
108868
110330
110883
112619
109394
112569
1570216
1511160
1606513
1512597
1574187
1559683
1535120
1605519
1386069
1365587
1400483
1363029
1375625
1362885
1372719
1455295
1363967
1455010
1577250
1554231
1594401
1361062
1312366
1536647
1619518
1740476
1568868
1439652
1269128
1210795
1346631
1167814
1164370
1373485
1491290
1307404
1197233
1178123
1153247
1199055
1137735
1174459
1374085
1465067
1363883
1363962
1237551
1404978
1270590
1366405
1361673
1213510
1156913
1235444
1133827
1046091
1099796
1066504
1072908
1095610
1064626
1067450
1111028
1095493
1157872
1290295
1187552
1200118
1115641
1022738
1123510
1189790
1129049
1095416
1060640
1052556
1129941
1224315
1321969
1344191
1297067
1116969
1284439
1381519
1189620
1157008
1285708
1372864
1321651
1260997
1410648
1257945
1462471
1285754
1187687
1134788
1102262
1154823
1119447
1245236
1326747
1254247
1183763
1238487
1239834
1195486
1342214
1210965
1240852
1328956
1355308
1443267
1533619
1464604
1376664
1380376
1399003
1465577
1293520
1305126
1390366
1328327
1250342
1499270
1656542
1645829
1560585
1706273
1510239
1465972
1256263
1266939
1282851
1244777
1263412
1263809
1225289
1234960
1311424
1285080
1253073
1276961
1157126
1185951
1222004
1176584
1228224
1258243
1220442
1154654
1207841
1230502
1346041
1372384
1274946
1093780
1131378
1103356
1112839
1100524
1109992
1109525
1241789
1151180
1097388
1132393
1135591
1114094
1082521
1170619
1099060
1090137
1065535
1086193
1067438
1218804
1125374
1143919
1219901
1126627
1067646
1060521
1095552
1070170
1107623
1249515
1204591
1027196
1069985
1066194
1052605
955881
1024339
935560
948039
929367
1038112
1056577
999586
1043400
1490973
1406909
1383455
1416691
1220938
1366361
1352536
1258740
1071034
1035663
1029748
1000521
1076571
1019594
1022374
1021124
1009277
1013982
1102342
1244027
1113302
1030796
1044719
1004527
988962
992459
1029774
1001576
1036539
1045587
979547
1010837
982181
1045750
980509
974035
994935
1013978
985554
978381
989156
1059053
1088619
959090
1077291
1060968
1096742
1169574
1146390
1137234
1156946
1245354
1292389
1399412
1359481
1170577
1335595
1290200
1305375
1446382
1307135
1308682
1336665
1312474
1274124
1151393
1108681
1142322
1297761
1291063
1247239
1423398
1244397
1303337
1253468
1279119
1103979
1298455
1250097
1225514
1207484
1211381
1240368
1239149
1286900
1246638
1053527
1166688
1133345
1030526
1021336
966300
1077325
1208378
1195656
1044782
937803
939867
1062011
1046471
1060599
1082389
1359230
1275875
1232044
1232782
1208764
1233901
1120312
1271690
1207943
1177092
1150308
1168472
812233
1079542
587628
597278
624478
1414126
1389934
1224251
1232269
1420844
1222586
704656
729947
639021
627715
732758
887394
627007
731093
717956
735689
625783
613897
699830
617992
697350
688217
616325
965428
1141170
1164729
1357958
1262445
1233391
1254434
1304863
1317289
1158689
1296520
1160530
1136332
1169932
1246752
1127956
1099591
1171055
1128946
1220919
1181951
1066822
994715
980314
950748
954656
1017475
1049976
1003791
1027456
1102262
1003691
1030383
1247071
1266997
1012150
980395
1194407
1229691
1205272
1205588
1000568
1029851
1100621
1009638
1016694
1129673
1108272
985243
946151
901297
1078656
1059639
1121706
1053434
1078460
1113173
1004303
776105
852813
987335
973276
971776
976179
999532
1000241
770921
868866
850163
787575
785219
850488
855249
858548
937731
852626
862645
1193606
1002215
1272540
1059107
1033512
991039
902730
1132841
1097361
951226
749879
974595
1057411
987495
953395
966110
916310
1014904
937361
936968
954898
906146
742269
929807
955015
930101
935681
981809
936298
923694
1010707
1037944
985318
935961
1008650
1008653
1016387
1003678
1006429
1015020
952671
922915
752108
820673
988554
1001069
1183055
986412
1002664
986465
1010651
917433
802593
803283
861549
875966
912661
887419
920939
839727
853505
882009
896906
878677
896763
850952
988120
977105
956906
923065
996167
965064
974058
816175
876480
889603
956842
947535
960854
962381
948750
994461
942128
948112
911893
969157
938840
950067
855874
943899
898720
912187
901699
963806
927455
930068
1044319
792108
723075
942423
930673
947116
932440
917282
913246
969680
886051
853170
954195
909625
905397
921724
920516
891643
915104
900321
1031953
928094
992172
900842
841527
798081
808031
899439
955549
924387
900408
859624
960092
898279
865626
884910
831897
825070
919148
975816
983645
966423
982500
964442
948042
959792
954592
956600
987514
948369
949649
973318
803013
833605
848464
828790
880985
852829
876186
820808
783396
742455
785464
863812
817112
700811
676624
663956
653645
804603
746364
733653
731654
729239
761339
768034
747410
750013
733312
749135
738765
718905
683346
728786
861286
740828
789101
760424
717696
728612
826565
773794
772896
830210
749479
803842
835141
840004
792653
855988
840633
799900
819377
845224
698466
687743
849654
830466
921356
798578
814526
802287
781436
798185
787585
882978
827303
857291
918223
836188
775598
901306
936205
779463
749604
728781
747290
721324
706013
753320
710871
687245
818382
715057
768089
754430
757353
702637
705723
700251
678169
711934
652379
725437
751392
760961
810609
738017
745264
707231
700617
761947
731037
735186
716965
694414
731041
723103
708249
743051
712643
685778
700616
669891
701935
779119
725809
625879
630273
623790
696940
735852
728860
703146
767969
741849
728583
733170
624499
602192
694570
696098
709220
693820
666234
681645
658015
646897
647114
684231
729878
612227
660513
617848
661299
685101
657691
656676
680980
675837
657094
681235
622090
694859
647583
611142
617947
603417
582203
575333
567460
587732
600856
607817
600374
594775
612990
594434
604345
585227
606331
595443
550191
591665
567577
568612
528910
549147
609484
591975
602208
598627
552473
593021
602577
713076
590301
589908
526728
493128
608814
607802
594300
589003
606990
574767
538230
557343
565989
568448
563936
565027
574258
567185
556330
562242
534288
505295
547704
587685
538187
531635
539496
554508
552061
507988
648466
529857
510173
573645
603078
568176
560948
435508
311847
296966
376999
313405
347865
309204
298445
328661
504383
585783
581298
564544
566111
684985
415077
290939
270085
408743
518920
556241
574706
529750
517606
520179
513832
523270
522720
569575
509715
544722
528101
499616
436903
481423
441998
477652
408603
458194
473233
473794
459415
468751
477816
489109
487925
462918
440987
417593
443205
456839
472136
447731
449820
445500
443956
471465
448978
440488
455577
460912
447367
444706
445045
468585
429918
437053
435551
451289
435476
444552
409502
390088
406912
421852
436497
426793
432076
434395
447426
422020
419375
428599
405298
384929
426757
473203
389383
391367
430607
434658
425256
409270
436509
396686
417169
425177
427893
448190
385764
326380
314470
375762
378471
378438
379998
375942
373081
377559
360086
444257
367857
360688
348276
361041
369645
357260
360684
345072
383198
369788
354461
310691
345457
344473
342840
322373
338851
345914
343535
331919
334425
344050
325605
310577
328742
317990
315302
385710
169875
164336
164921
155272
157808
160032
156959
156943
158032
299034
328471
323777
327676
307457
331648
298045
311510
163384
151373
150959
155022
310729
289991
292506
292469
302552
284040
312455
315438
316624
318656
339252
302339
308506
315376
335170
315919
315072
293212
275891
262652
266203
288792
275965
273373
274503
323262
292149
291688
269507
268338
276310
285961
318823
265434
263872
266427
263166
265899
269063
253080
258580
242119
263039
272110
234779
247622
252478
245780
239476
246027
248861
271445
263200
255290
256308
286008
259071
251993
242741
265682
258102
246222
242076
179155
186944
186502
182814
227866
175738
179826
186234
183901
170747
172841
181505
175255
177268
170707
177493
166584
164937
158847
174206
151693
155028
147442
149987
150385
138695
149623
152763
158063
156901
150047
151484
153424
153656
155260
149426
148143
154322
160016
146569
135175
134322
133405
126851
134418
124068
130950
131362
129101
124876
114766
120488
118435
119300
135000
192103
123987
115134
115578
109214
155452
155359
156671
154681
154528
247388
187710
168730
172868
158556
143213
144339
145273
132712
146616
137224
139928
140634
141897
129041
122469
116961
122214
127244
125364
130837
125560
124711
123235
118184
113650
600248
619569
634771
599355
546955
536567
610207
544999
716780
670626
661761
662721
682351
639052
640977
640714
643517
623966
627002
600103
602277
607194
633516
666830
702610
594818
591372
407832
314811
617916
726064
608468
590022
609999
621232
624411
643161
718849
637620
644215
689513
627046
647594
609908
665849
641565
592347
582087
543930
581910
591251
559500
564663
534080
491442
543529
614146
566279
560291
544670
538893
530246
666270
602500
614899
594136
601618
636929
594191
566429
587056
594312
556150
589200
567917
499020
483688
507202
540580
516610
479767
486498
493670
468033
498468
495818
449014
599958
512944
500555
543271
454698
480012
462864
454943
457513
442101
485115
453561
471714
482746
435653
433289
451263
487100
455985
469702
450725
434816
422126
426687
368228
364519
341598
346205
362887
370339
360838
353887
402641
365192
350125
346855
356756
349051
351356
358216
351372
308267
327133
312754
273788
266284
269667
327510
275008
292310
293966
280736
274145
280432
272530
270577
266885
268212
292864
269988
369903
265626
274004
266716
261734
262210
263553
261994
260258
259360
260643
250392
253799
253394
183949
192984
168452
170236
170600
168038
164132
163651
163764
155385
163902
142720
153885
166942
152789
140647
156654
145603
141475
142199
140210
138924
139115
141690
142596
148259
142285
132200
134041
133313
122598
125903
127662
124285
135681
128655
119220
115702
119544
114503
108970
108458
109452
114269
112302
112604
118104
97240
108542
105519
101285
135122
103047
107748
104457
113148
115094
107955
107834
109685
108008
198591
199223
197196
188203
190819
178407
186608
216757
191725
194331
185807
185772
187485
188791
187899
183483
180672
161930
154814
162790
137961
154284
187645
166782
163191
163210
160757
161181
162396
166595
131141
130900
127960
128338
133322
128274
123079
122184
118753
121275
134325
118870
114670
114597
115274
115152
109706
108476
106842
109575
169193
166020
169217
164911
164422
165331
160072
160911
224125
166540
123306
131154
122868
122859
126583
116209
103685
119845
119768
119342
113852
111041
109254
111088
110494
107854
93352
101754
122783
104140
104500
211172
214758
213571
213137
222070
226130
200231
206527
196993
204005
209812
232534
192439
206892
180482
166689
106040
101285
101857
101287
58777
58386
62054
58272
58302
55680
55526
55650
55376
55462
71843
72702
72197
75134
72294
73304
69604
70804
69659
69486
107437
81144
66441
100785
122019
126115
125019
116769
119736
125150
116324
114727
117532
111854
115469
124666
126057
110150
115466
119098
199327
96619
73078
71950
73791
69907
72796
70099
124566
124863
126406
121751
120173
130067
114744
109027
121536
121254
130631
104277
108773
113243
113888
103307
106218
104620
111041
105906
98142
104977
258697
232414
242139
251908
257263
253069
236714
272144
249024
248588
252766
240672
246067
236737
232283
222647
220781
199394
213129
271295
121889
109079
122210
108142
175990
127138
106224
188504
201366
192657
197236
222665
203035
187134
187268
182748
180689
184458
180766
185828
174781
173590
174683
185750
185905
175324
222681
184491
193254
201099
178401
185405
179884
186691
164115
174665
178195
192437
192561
198682
205742
191033
188732
178641
190087
193171
163400
162551
156364
166104
171045
152322
151118
158366
146956
142957
263573
151611
141143
150337
150137
128334
135412
127577
130163
131083
124091
125756
123544
147458
122851
127822
124631
151800
123099
116585
116507
116701
117699
121796
129529
167624
164757
161250
165190
156386
164581
160705
155637
150252
182261
163218
153736
159830
151636
146124
141969
144182
141705
144135
137608
143542
128972
126687
125063
121091
142203
125857
120669
124237
121179
122397
143950
148112
150417
139343
143795
134261
140787
142142
136425
138382
128183
137260
131759
126166
124041
129044
124678
127685
120577
127135
157866
159637
167700
154991
191774
163995
153957
242574
162465
153612
142739
146027
142154
137203
138498
139673
137913
143790
134905
138854
127031
126118
131743
128471
132400
128768
121752
126844
122052
123440
297173
301976
299259
293032
298516
299739
293810
297306
295117
293108
246744
243044
240152
235951
237066
236445
262487
232050
233469
244229
226978
231055
231123
222031
221526
226822
222937
218832
247068
221209
223270
148500
158840
152000
158812
152064
150978
160632
201458
150970
156026
151415
168353
139123
140571
145333
143128
145141
135900
137515
140114
129033
131899
123817
126523
124667
130387
126611
128226
144227
126964
143550
147057
138967
139909
147173
141765
141437
138778
137940
137403
131378
132189
122085
125308
122983
155232
120324
128861
123392
128186
160356
149013
155147
154041
163234
155686
158548
164232
154222
153945
151119
143241
113658
71309
71810
70195
70171
70210
73001
70296
65825
65508
62570
62827
62899
62069
62117
62145
62137
62458
100491
99998
102055
97945
202010
231658
224417
244924
241624
181447
183235
175393
176163
179560
184117
242779
201312
204896
216780
213799
181692
149943
146375
151861
145221
144507
150132
153295
189385
153403
156695
133931
139693
141581
136321
130777
139456
98010
72283
70356
70143
66555
62297
63392
62482
62562
62586
62827
62490
62733
62394
99606
96824
183063
173882
190288
188014
176135
191738
191193
190415
142547
132909
127013
125083
141276
124418
133422
131418
156856
137920
129854
110627
121058
120858
120782
118005
105031
107651
114361
113140
11258211
11070720
9194032
7302752
7488858
9949655
11170374
11186201
13330642
12578482
11831090
11854221
12494140
13089166
13316615
11958666
11361454
11162191
9056371
7477254
10852302
9566824
11390944
11655118
11807766
11911786
11986571
12099821
10895795
11887153
10861575
10471617
11615686
10496818
11733897
11645514
11457469
10284142
10936002
11628359
12091501
13246207
11414320
12230536
13667984
14035565
11361967
12204351
12396687
11645336
12765086
11963099
12199633
12716737
12694028
11571744
13334284
12123942
12369240
10474850
10895860
12938659
11371814
12288128
9356397
10639673
10802816
9808351
10932727
10372334
11475764
